
------------------------------

******************************
******    Sucursal 02   *****     
******************************

suc02
Tiene Correo Nuevo
Longitud actmem.dat = 1972090
TNUM   OFFSET   %     MOVS
 002        0   0        0
 003  1972090 100    26797
 004  1972090 100    26797
 005        0   0        0
 006        0   0        0
 007  1972090 100    26797
 008  1972090 100    26797
 009  1972090 100    26797
 010  1972090 100    26797
 011  1972090 100    26797
 012  1972090 100    26797
 013  1972090 100    26797
 014  1972090 100    26797
 015        0   0        0
 016  1972090 100    26797
 017  1972090 100    26797
 018        0   0        0
 020        0   0        0

------------------------------

******************************
******    Sucursal 43   *****     
******************************

suc43
Tiene Correo Nuevo
Longitud actmem.dat = 15237851
TNUM   OFFSET   %     MOVS
 001 15237851 100   193485
 002 15237851 100   193485
 003 15237851 100   193485
 004 15237851 100   193485
 005        0   0        0
 006 15237851 100   193485
 007 15237851 100   193485
 008 15237851 100   193485
 009 15237851 100   193485
 010        0   0        0
 011 15237851 100   193485
 012 15237851 100   193485
 013 15237851 100   193485
 014 15237851 100   193485
 015 15237851 100   193485
 016 15237851 100   193485
 017 15237851 100   193485
 018 13778564  90   175549
 019  5697312  37    88301
 020   531157   3     5500
 021 15237851 100   193485
 022 15237851 100   193485
 023 15237851 100   193485
 026        0   0        0
 027        0   0        0
 031 15237851 100   193485
 032 15237851 100   193485
 033 15237851 100   193485

------------------------------

******************************
******    Sucursal 50   *****     
******************************

suc50
Tiene Correo Nuevo
Longitud actmem.dat = 4548968
TNUM   OFFSET   %     MOVS
 040  4548968 100    78500
 041  4548968 100    78500
 042  4548968 100    78500
 043  4548968 100    78500

------------------------------

******************************
******    Sucursal 95   *****     
******************************

suc95
Tiene Correo Nuevo
Longitud actmem.dat = 1980748
TNUM   OFFSET   %     MOVS
 001        0   0        0
 002  1980748 100    27008
 003  1980748 100    27008
 004  1980748 100    27008
 005  1980748 100    27008
 006  1980748 100    27008
 007  1980748 100    27008
 008  1980748 100    27008
 009  1980748 100    27008
 010  1980748 100    27008
 011  1980748 100    27008
 012  1980748 100    27008
 013  1980748 100    27008
 014  1980748 100    27008
 015  1980748 100    27008
 016  1980748 100    27008
 017  1980748 100    27008
 018  1980748 100    27008
 019        0   0        0

------------------------------

******************************
******    Sucursal 96   *****     
******************************

suc96
Tiene Correo Nuevo
Longitud actmem.dat = 4439659
TNUM   OFFSET   %     MOVS
 001  4439659 100    74772
 002  4439659 100    74772
 003        0   0        0
 004        0   0        0
 005  4439659 100    74772
 006  4439659 100    74772
 007  4439659 100    74772
 008  4439659 100    74772
 009  4439659 100    74772
 010        0   0        0
 011  4439659 100    74772
 012  4439659 100    74772
 013  4439659 100    74772
 014        0   0        0
 015  4439659 100    74772
 016        0   0        0
 017  4439659 100    74772
 018  4439659 100    74772
 019  4439659 100    74772
 020        0   0        0
 021  4439659 100    74772
 022  4439659 100    74772
 023  4439659 100    74772
 024  4439659 100    74772
 025        0   0        0
 026  4439659 100    74772
 027  4439659 100    74772
 033  4439659 100    74772
 034  4439659 100    74772
 036        0   0        0
 037        0   0        0
 038        0   0        0
 041        0   0        0

------------------------------

******************************
******    Sucursal 97   *****     
******************************

suc97
Tiene Correo Nuevo
Longitud actmem.dat = 90232
TNUM   OFFSET   %     MOVS
 005    90232 100      917
 006    90232 100      917
 007        0   0        0
 008    90232 100      917
 009        0   0        0
 010        0   0        0
 011    90232 100      917
 012    90232 100      917
 013        0   0        0
 014    90232 100      917
 015        0   0        0
 016        0   0        0
 017    90232 100      917
 018        0   0        0
 019        0   0        0
 020    90232 100      917
 021    90232 100      917
 022        0   0        0
 023    90232 100      917
 024        0   0        0
 025    90232 100      917
 027    90232 100      917
 029    90232 100      917
 030    90232 100      917
 031        0   0        0

------------------------------

******************************
******    Sucursal 99   *****     
******************************

suc99
Tiene Correo Nuevo
Longitud actmem.dat = 15622630
TNUM   OFFSET   %     MOVS
 001 15622630 100   201456
 002 15622630 100   201456
 003 15622630 100   201456
 004 15622630 100   201456
 005 15622630 100   201456
 006 15622630 100   201456
 007 15622630 100   201456
 008 15622630 100   201456
 009 15622630 100   201456
 010 15622630 100   201456
 011 15622630 100   201456
 012 15622630 100   201456
 013 15622630 100   201456
 014 15622630 100   201456
 015 15622630 100   201456
 016 14964601  95   193218
 017        0   0        0
 018 15622630 100   201456
 019 15622630 100   201456
 021 15622630 100   201456
 022 15622630 100   201456
 023 15622630 100   201456
 024        0   0        0
 025        0   0        0
 027 15622630 100   201456
 028 15622630 100   201456
 030        0   0        0
 032 15622630 100   201456
 033 15622630 100   201456
 034        0   0        0

------------------------------

******************************
******    Sucursal 105   *****     
******************************

suc105
Tiene Correo Nuevo
Longitud actmem.dat = 16929417
TNUM   OFFSET   %     MOVS
 003 16929417 100   216164
 004 16929417 100   216164
 005 16929417 100   216164
 006 16929417 100   216164
 007 16929417 100   216164
 008 16929417 100   216164
 009  1602539   9    20000
 010 16929417 100   216164
 011 16929417 100   216164
 012 16929417 100   216164
 013 16929417 100   216164
 014 16929417 100   216164
 015 16929417 100   216164
 016 16929417 100   216164
 017 16929417 100   216164
 018 16929417 100   216164
 019 16929417 100   216164
 021  6597712  38    95263
 022 16929417 100   216164
 023 16929417 100   216164
 024  7109162  41   105823
 025 16929417 100   216164
 026 16929417 100   216164
 027        0   0        0

------------------------------

******************************
******    Sucursal 109   *****     
******************************

suc109
Tiene Correo Nuevo
Longitud actmem.dat = 15618231
TNUM   OFFSET   %     MOVS
 001        0   0        0
 002 15618231 100   224149
 003 15618231 100   224149
 004 15618231 100   224149
 005 15618231 100   224149
 006 15618231 100   224149
 007 15618231 100   224149
 008 15618231 100   224149
 009 15618231 100   224149
 010 15618231 100   224149
 011 15618231 100   224149
 012 15618231 100   224149
 013 15618231 100   224149
 014 15618231 100   224149
 015        0   0        0
 016 15618231 100   224149
 017 15618231 100   224149
 018 15618231 100   224149
 019 15618231 100   224149
 020 15618231 100   224149
 021 15618231 100   224149
 022 15618231 100   224149
 023    43008   0      400
 024 15618231 100   224149
 025 15618231 100   224149
 026 15618231 100   224149
 027 15618231 100   224149
 028 15618231 100   224149
 029 14149120  90   198878
 030 15618231 100   224149
 031        0   0        0
 032        0   0        0
 033        0   0        0
 034        0   0        0
 035        0   0        0
 036        0   0        0
 037        0   0        0
 038 15618231 100   224149
 040 15618231 100   224149

------------------------------

******************************
******    Sucursal 118   *****     
******************************

suc118
Tiene Correo Nuevo
Longitud actmem.dat = 11672419
TNUM   OFFSET   %     MOVS
 001 11672419 100   143962
 002 11672419 100   143962
 003 11672419 100   143962
 004        0   0        0
 005        0   0        0
 006 11672419 100   143962
 007 11672419 100   143962
 008 11672419 100   143962
 009 11672419 100   143962
 010 11672419 100   143962
 011 11672419 100   143962
 012 11672419 100   143962
 013 11672419 100   143962
 014 11032565  94   135974
 015 11672419 100   143962
 016 11672419 100   143962
 017 11672419 100   143962
 018 11672419 100   143962
 019 11672419 100   143962
 020 11672419 100   143962
 021 11672419 100   143962
 022        0   0        0
 023        0   0        0
 024 11672419 100   143962
 025 11672419 100   143962

------------------------------

******************************
******    Sucursal 120   *****     
******************************

suc120
Tiene Correo Nuevo
Longitud actmem.dat = 9918840
TNUM   OFFSET   %     MOVS
 001  9918840 100   115281
 002  9918840 100   115281
 003  9849376  99   114583
 004  9918840 100   115281
 005  9918840 100   115281
 006  9918840 100   115281
 007  9918840 100   115281
 008  9918840 100   115281
 009  9918840 100   115281

------------------------------

******************************
******    Sucursal 135   *****     
******************************

suc135
Tiene Correo Nuevo
Longitud actmem.dat = 7243571
TNUM   OFFSET   %     MOVS
 001  7243571 100    70889
 002  7243571 100    70889
 003  7243571 100    70889
 004  7243571 100    70889

------------------------------

******************************
******    Sucursal 137   *****     
******************************

suc137
Tiene Correo Nuevo
Longitud actmem.dat = 9165360
TNUM   OFFSET   %     MOVS
 001  9165360 100   100167
 002  9165360 100   100167
 003  9165360 100   100167

------------------------------

******************************
******    Sucursal 142   *****     
******************************

suc142
Tiene Correo Nuevo
Longitud actmem.dat = 10343157
TNUM   OFFSET   %     MOVS
 001 10343157 100   114171
 002 10343157 100   114171
 003 10343157 100   114171
 004 10343157 100   114171
 005 10343157 100   114171
 006 10343157 100   114171
 007 10343157 100   114171
 008 10343157 100   114171
 009 10343157 100   114171

------------------------------

******************************
******    Sucursal 143   *****     
******************************

suc143
Tiene Correo Nuevo
Longitud actmem.dat = 13913299
TNUM   OFFSET   %     MOVS
 001 13913299 100   180007
 002 10701330  76   144400
 003 13913299 100   180007
 004 13913299 100   180007
 005 13913299 100   180007
 006 13913299 100   180007
 007 13913299 100   180007

------------------------------

******************************
******    Sucursal 152   *****     
******************************

suc152
Tiene Correo Nuevo
Longitud actmem.dat = 1541631
TNUM   OFFSET   %     MOVS
 001  1541631 100    22146
 002  1541631 100    22146
 003  1541631 100    22146

------------------------------

******************************
******    Sucursal 153   *****     
******************************

suc153
Tiene Correo Nuevo
Longitud actmem.dat = 1969069
TNUM   OFFSET   %     MOVS
 001  1969069 100    26766
 002  1969069 100    26766
 003  1969069 100    26766
 005  1969069 100    26766
 006  1969069 100    26766
 007  1969069 100    26766
 008  1969069 100    26766
 009  1319978  67    18570
 010  1969069 100    26766
 011  1969069 100    26766
 012  1969069 100    26766
 013  1969069 100    26766
 015        0   0        0
 016  1969069 100    26766
 017  1969069 100    26766

------------------------------

******************************
******    Sucursal 165   *****     
******************************

suc165
Tiene Correo Nuevo
Longitud actmem.dat = 12044606
TNUM   OFFSET   %     MOVS
 001 12044606 100   160223
 002 12044606 100   160223
 003 12044606 100   160223
 004 12044606 100   160223
 005 12044606 100   160223
 006 12044606 100   160223
 007 12044606 100   160223
 008 12044606 100   160223
 009 12044606 100   160223
 010 12044606 100   160223
 011 12044606 100   160223
 012 12044606 100   160223
 013 12044606 100   160223
 014 12044606 100   160223
 015 12044606 100   160223
 016        0   0        0
 017 12044606 100   160223
 018 12044606 100   160223
 019        0   0        0
 020 12044606 100   160223
 021 12044606 100   160223
 022 12044606 100   160223
 023 12044606 100   160223
 024 12044606 100   160223
 025 12044606 100   160223
 026        0   0        0
 027 12044606 100   160223
 028 12044606 100   160223
 029 12044606 100   160223
 030 12044606 100   160223
 031 12044606 100   160223
 032 12044606 100   160223
 033 12044606 100   160223
 034 12044606 100   160223
 035 12044606 100   160223
 036        0   0        0
 037        0   0        0
 038 12044606 100   160223
 039 12044606 100   160223
 040 12044606 100   160223
 041 12044606 100   160223
 042        0   0        0
 043        0   0        0
 044        0   0        0
 052 12044606 100   160223
 055        0   0        0
 057 12044606 100   160223
 058 12044606 100   160223
 059        0   0        0
 060 12044606 100   160223
 061 12044606 100   160223

------------------------------

******************************
******    Sucursal 167   *****     
******************************

suc167
Tiene Correo Nuevo
Longitud actmem.dat = 89838
TNUM   OFFSET   %     MOVS
 001    89838 100      905
 002        0   0        0
 003    89838 100      905
 005    89838 100      905
 006        0   0        0
 007    89838 100      905
 008    89838 100      905
 009    89838 100      905
 010    89838 100      905
 011        0   0        0
 012    89838 100      905
 013    89838 100      905
 014        0   0        0
 015    89838 100      905
 016    89838 100      905
 017    89838 100      905
 018        0   0        0
 019        0   0        0
 020        0   0        0
 025        0   0        0
 028    89838 100      905
 029    89838 100      905
 030    89838 100      905

------------------------------

******************************
******    Sucursal 174   *****     
******************************

suc174
Tiene Correo Nuevo
Longitud actmem.dat = 89855
TNUM   OFFSET   %     MOVS
 003    89855 100      906
 004        0   0        0
 005    89855 100      906
 006    89855 100      906
 007        0   0        0
 008    89855 100      906
 009    89855 100      906
 010    89855 100      906
 012    89855 100      906
 013    89855 100      906
